#model file organization:
#layer: depth (km) vp (km/s) vs (km/s) rho (g/cm**3) Qp Qs

layer: 190 190 0.0      4.90       2.816        2.500         176     64

layer: 190 190 3.0      5.40       3.103        2.600         176     64

layer: 190 190 5.0      6.00       3.448        2.700         176     64
layer: 190 190 7.0      6.90       3.966        2.800         450    220
layer: 190 190 20.0     7.60       4.368        3.100         500    250
layer: 190 190 26.0     7.80       4.483        3.260         550    270
layer: 190 190 34.0     8.00       4.598        3.300         600    300
